    -9.80000      0.00000
    -9.40000      0.00000
    -9.00000      0.00000
    -8.60000      0.00000
    -8.20000      0.00000
    -7.80000      0.00000
    -7.40000      0.00000
    -7.00000      0.01250
    -6.60000      0.00000
    -6.20000      0.00000
    -5.80000      0.01250
    -5.40000      0.05000
    -5.00000      0.11250
    -4.60000      0.38750
    -4.20000      0.58750
    -3.80000      1.42500
    -3.40000      2.66250
    -3.00000      5.41250
    -2.60000     10.45000
    -2.20000     19.47500
    -1.80000     31.40000
    -1.40000     42.82500
    -1.00000     50.63750
    -0.60000     55.01250
    -0.20000     56.70000
     0.20000     55.16250
     0.60000     54.81250
     1.00000     51.26250
     1.40000     42.42500
     1.80000     32.16250
     2.20000     19.58750
     2.60000     11.80000
     3.00000      5.56250
     3.40000      2.65000
     3.80000      1.23750
     4.20000      0.56250
     4.60000      0.25000
     5.00000      0.10000
     5.40000      0.03750
     5.80000      0.03750
     6.20000      0.03750
     6.60000      0.00000
     7.00000      0.01250
     7.40000      0.00000
     7.80000      0.00000
     8.20000      0.00000
     8.60000      0.00000
     9.00000      0.00000
     9.40000      0.00000
     9.80000      0.00000
 after hadron evolution
    -9.80000      0.00000
    -9.40000      0.00000
    -9.00000      0.00000
    -8.60000      0.00000
    -8.20000      0.00000
    -7.80000      0.00000
    -7.40000      0.00000
    -7.00000      0.01250
    -6.60000      0.00000
    -6.20000      0.00000
    -5.80000      0.01250
    -5.40000      0.05000
    -5.00000      0.11250
    -4.60000      0.38750
    -4.20000      0.58750
    -3.80000      1.43750
    -3.40000      2.66250
    -3.00000      5.43750
    -2.60000     10.47500
    -2.20000     19.52500
    -1.80000     31.47500
    -1.40000     42.87500
    -1.00000     50.65000
    -0.60000     55.15000
    -0.20000     56.77500
     0.20000     55.28750
     0.60000     54.86250
     1.00000     51.33750
     1.40000     42.50000
     1.80000     32.18750
     2.20000     19.62500
     2.60000     11.85000
     3.00000      5.58750
     3.40000      2.65000
     3.80000      1.23750
     4.20000      0.56250
     4.60000      0.25000
     5.00000      0.10000
     5.40000      0.03750
     5.80000      0.03750
     6.20000      0.03750
     6.60000      0.00000
     7.00000      0.01250
     7.40000      0.00000
     7.80000      0.00000
     8.20000      0.00000
     8.60000      0.00000
     9.00000      0.00000
     9.40000      0.00000
     9.80000      0.00000
