    -9.80000      0.00000
    -9.40000      0.00000
    -9.00000      0.00000
    -8.60000      0.00000
    -8.20000      0.00000
    -7.80000      0.00000
    -7.40000      0.00000
    -7.00000      0.00000
    -6.60000      0.00000
    -6.20000      0.00000
    -5.80000      0.00000
    -5.40000      0.00000
    -5.00000      0.00000
    -4.60000      0.00000
    -4.20000      0.00000
    -3.80000      0.00000
    -3.40000      0.00000
    -3.00000      0.02500
    -2.60000      0.10000
    -2.20000      0.16250
    -1.80000      1.08750
    -1.40000     12.31250
    -1.00000     51.73750
    -0.60000     93.92500
    -0.20000    117.81249
     0.20000    115.81249
     0.60000     95.26250
     1.00000     52.20000
     1.40000     12.96250
     1.80000      1.05000
     2.20000      0.32500
     2.60000      0.07500
     3.00000      0.01250
     3.40000      0.00000
     3.80000      0.00000
     4.20000      0.00000
     4.60000      0.00000
     5.00000      0.00000
     5.40000      0.00000
     5.80000      0.00000
     6.20000      0.00000
     6.60000      0.00000
     7.00000      0.00000
     7.40000      0.00000
     7.80000      0.00000
     8.20000      0.00000
     8.60000      0.00000
     9.00000      0.00000
     9.40000      0.00000
     9.80000      0.00000
 after hadron evolution
    -9.80000      0.00000
    -9.40000      0.00000
    -9.00000      0.00000
    -8.60000      0.00000
    -8.20000      0.00000
    -7.80000      0.00000
    -7.40000      0.00000
    -7.00000      0.00000
    -6.60000      0.00000
    -6.20000      0.00000
    -5.80000      0.00000
    -5.40000      0.00000
    -5.00000      0.00000
    -4.60000      0.00000
    -4.20000      0.00000
    -3.80000      0.00000
    -3.40000      0.00000
    -3.00000      0.02500
    -2.60000      0.10000
    -2.20000      0.16250
    -1.80000      1.12500
    -1.40000     12.40000
    -1.00000     51.82500
    -0.60000     94.03749
    -0.20000    117.94999
     0.20000    115.99999
     0.60000     95.32500
     1.00000     52.31250
     1.40000     13.03750
     1.80000      1.07500
     2.20000      0.32500
     2.60000      0.07500
     3.00000      0.01250
     3.40000      0.00000
     3.80000      0.00000
     4.20000      0.00000
     4.60000      0.00000
     5.00000      0.00000
     5.40000      0.00000
     5.80000      0.00000
     6.20000      0.00000
     6.60000      0.00000
     7.00000      0.00000
     7.40000      0.00000
     7.80000      0.00000
     8.20000      0.00000
     8.60000      0.00000
     9.00000      0.00000
     9.40000      0.00000
     9.80000      0.00000
