    -9.80000      0.00000
    -9.40000      0.00000
    -9.00000      0.00000
    -8.60000      0.00000
    -8.20000      0.00000
    -7.80000      0.00000
    -7.40000      0.00000
    -7.00000      0.00000
    -6.60000      0.00000
    -6.20000      0.00000
    -5.80000      0.00000
    -5.40000      0.00000
    -5.00000      0.00000
    -4.60000      0.00000
    -4.20000      0.00000
    -3.80000      0.00000
    -3.40000      0.00000
    -3.00000      0.00000
    -2.60000      0.00000
    -2.20000      0.00000
    -1.80000      0.02500
    -1.40000      0.08750
    -1.00000      0.10000
    -0.60000      0.16250
    -0.20000      0.13750
     0.20000      0.08750
     0.60000      0.10000
     1.00000      0.10000
     1.40000      0.02500
     1.80000      0.01250
     2.20000      0.01250
     2.60000      0.00000
     3.00000      0.00000
     3.40000      0.00000
     3.80000      0.00000
     4.20000      0.00000
     4.60000      0.00000
     5.00000      0.00000
     5.40000      0.00000
     5.80000      0.00000
     6.20000      0.00000
     6.60000      0.00000
     7.00000      0.00000
     7.40000      0.00000
     7.80000      0.00000
     8.20000      0.00000
     8.60000      0.00000
     9.00000      0.00000
     9.40000      0.00000
     9.80000      0.00000
 after hadron evolution
    -9.80000      0.00000
    -9.40000      0.00000
    -9.00000      0.00000
    -8.60000      0.00000
    -8.20000      0.00000
    -7.80000      0.00000
    -7.40000      0.00000
    -7.00000      0.00000
    -6.60000      0.00000
    -6.20000      0.00000
    -5.80000      0.00000
    -5.40000      0.00000
    -5.00000      0.00000
    -4.60000      0.00000
    -4.20000      0.00000
    -3.80000      0.00000
    -3.40000      0.00000
    -3.00000      0.00000
    -2.60000      0.00000
    -2.20000      0.00000
    -1.80000      0.06250
    -1.40000      0.16250
    -1.00000      0.16250
    -0.60000      0.26250
    -0.20000      0.26250
     0.20000      0.26250
     0.60000      0.13750
     1.00000      0.18750
     1.40000      0.08750
     1.80000      0.05000
     2.20000      0.01250
     2.60000      0.00000
     3.00000      0.00000
     3.40000      0.00000
     3.80000      0.00000
     4.20000      0.00000
     4.60000      0.00000
     5.00000      0.00000
     5.40000      0.00000
     5.80000      0.00000
     6.20000      0.00000
     6.60000      0.00000
     7.00000      0.00000
     7.40000      0.00000
     7.80000      0.00000
     8.20000      0.00000
     8.60000      0.00000
     9.00000      0.00000
     9.40000      0.00000
     9.80000      0.00000
