    -9.80000      0.00000
    -9.40000      0.00000
    -9.00000      0.00000
    -8.60000      0.00000
    -8.20000      0.00000
    -7.80000      0.00000
    -7.40000      0.00000
    -7.00000      0.00000
    -6.60000      0.00000
    -6.20000      0.00000
    -5.80000      0.00000
    -5.40000      0.00000
    -5.00000      0.00000
    -4.60000      0.00000
    -4.20000      0.00000
    -3.80000      0.00000
    -3.40000      0.00000
    -3.00000      0.00000
    -2.60000      0.00000
    -2.20000      0.01250
    -1.80000      1.18750
    -1.40000     22.27500
    -1.00000     88.62499
    -0.60000    158.61249
    -0.20000    192.62498
     0.20000    191.82498
     0.60000    159.57500
     1.00000     88.47500
     1.40000     22.85000
     1.80000      1.20000
     2.20000      0.00000
     2.60000      0.00000
     3.00000      0.00000
     3.40000      0.00000
     3.80000      0.00000
     4.20000      0.00000
     4.60000      0.00000
     5.00000      0.00000
     5.40000      0.00000
     5.80000      0.00000
     6.20000      0.00000
     6.60000      0.00000
     7.00000      0.00000
     7.40000      0.00000
     7.80000      0.00000
     8.20000      0.00000
     8.60000      0.00000
     9.00000      0.00000
     9.40000      0.00000
     9.80000      0.00000
 after hadron evolution
    -9.80000      0.00000
    -9.40000      0.00000
    -9.00000      0.00000
    -8.60000      0.00000
    -8.20000      0.00000
    -7.80000      0.00000
    -7.40000      0.00000
    -7.00000      0.00000
    -6.60000      0.00000
    -6.20000      0.00000
    -5.80000      0.00000
    -5.40000      0.00000
    -5.00000      0.00000
    -4.60000      0.00000
    -4.20000      0.00000
    -3.80000      0.00000
    -3.40000      0.00000
    -3.00000      0.00000
    -2.60000      0.00000
    -2.20000      0.01250
    -1.80000      1.18750
    -1.40000     22.27500
    -1.00000     88.62499
    -0.60000    158.61249
    -0.20000    192.62498
     0.20000    191.82498
     0.60000    159.57500
     1.00000     88.47500
     1.40000     22.85000
     1.80000      1.20000
     2.20000      0.00000
     2.60000      0.00000
     3.00000      0.00000
     3.40000      0.00000
     3.80000      0.00000
     4.20000      0.00000
     4.60000      0.00000
     5.00000      0.00000
     5.40000      0.00000
     5.80000      0.00000
     6.20000      0.00000
     6.60000      0.00000
     7.00000      0.00000
     7.40000      0.00000
     7.80000      0.00000
     8.20000      0.00000
     8.60000      0.00000
     9.00000      0.00000
     9.40000      0.00000
     9.80000      0.00000
