    -9.80000      0.00000
    -9.40000      0.00000
    -9.00000      0.00000
    -8.60000      0.00000
    -8.20000      0.00000
    -7.80000      0.00000
    -7.40000      0.00000
    -7.00000      0.00000
    -6.60000      0.00000
    -6.20000      0.00000
    -5.80000      0.00000
    -5.40000      0.00000
    -5.00000      0.00000
    -4.60000      0.00000
    -4.20000      0.00000
    -3.80000      0.00000
    -3.40000      0.00000
    -3.00000      0.02500
    -2.60000      0.12500
    -2.20000      0.25000
    -1.80000      0.81250
    -1.40000      1.20000
    -1.00000      2.15000
    -0.60000      2.96250
    -0.20000      2.57500
     0.20000      2.90000
     0.60000      2.86250
     1.00000      2.48750
     1.40000      1.47500
     1.80000      0.82500
     2.20000      0.47500
     2.60000      0.10000
     3.00000      0.02500
     3.40000      0.00000
     3.80000      0.00000
     4.20000      0.00000
     4.60000      0.00000
     5.00000      0.00000
     5.40000      0.00000
     5.80000      0.00000
     6.20000      0.00000
     6.60000      0.00000
     7.00000      0.00000
     7.40000      0.00000
     7.80000      0.00000
     8.20000      0.00000
     8.60000      0.00000
     9.00000      0.00000
     9.40000      0.00000
     9.80000      0.00000
 after hadron evolution
    -9.80000      0.00000
    -9.40000      0.00000
    -9.00000      0.00000
    -8.60000      0.00000
    -8.20000      0.00000
    -7.80000      0.00000
    -7.40000      0.00000
    -7.00000      0.00000
    -6.60000      0.00000
    -6.20000      0.00000
    -5.80000      0.00000
    -5.40000      0.00000
    -5.00000      0.00000
    -4.60000      0.00000
    -4.20000      0.00000
    -3.80000      0.00000
    -3.40000      0.00000
    -3.00000      0.02500
    -2.60000      0.12500
    -2.20000      0.25000
    -1.80000      0.81250
    -1.40000      1.20000
    -1.00000      2.15000
    -0.60000      2.96250
    -0.20000      2.57500
     0.20000      2.90000
     0.60000      2.86250
     1.00000      2.48750
     1.40000      1.47500
     1.80000      0.82500
     2.20000      0.47500
     2.60000      0.10000
     3.00000      0.02500
     3.40000      0.00000
     3.80000      0.00000
     4.20000      0.00000
     4.60000      0.00000
     5.00000      0.00000
     5.40000      0.00000
     5.80000      0.00000
     6.20000      0.00000
     6.60000      0.00000
     7.00000      0.00000
     7.40000      0.00000
     7.80000      0.00000
     8.20000      0.00000
     8.60000      0.00000
     9.00000      0.00000
     9.40000      0.00000
     9.80000      0.00000
